-1 9 0
1 -9 0
-10 9 2 0
-9 10 0
-2 10 0
-11 10 3 0
-10 11 0
-3 11 0
-12 11 4 0
-11 12 0
-4 12 0
-13 12 5 0
-12 13 0
-5 13 0
-14 13 6 0
-13 14 0
-6 14 0
-15 14 7 0
-14 15 0
-7 15 0
-9 -2 0
-10 -3 0
-11 -4 0
-12 -5 0
-13 -6 0
-14 -7 0
-15 -8 0
-16 -17 1 0
16 17 1 0
16 -17 -1 0
-16 17 -1 0
-17 -16 2 0
17 16 2 0
17 -16 -2 0
-17 16 -2 0
-18 -19 3 0
18 19 3 0
18 -19 -3 0
-18 19 -3 0
-19 -18 4 0
19 18 4 0
19 -18 -4 0
-19 18 -4 0
-16 -18 5 0
16 18 5 0
16 -18 -5 0
-16 18 -5 0
-17 -19 6 0
17 19 6 0
17 -19 -6 0
-17 19 -6 0
-18 -16 7 0
18 16 7 0
18 -16 -7 0
-18 16 -7 0
-19 -17 8 0
19 17 8 0
19 -17 -8 0
-19 17 -8 0
